0.000000000000000000e+00
1.000000000004164225e-01
6.251652320654642325e-02
0.000000000000000000e+00
1.534490908894772521e-01
2.070033890594526194e-01
0.000000000000000000e+00
2.229818866441106162e-01
2.000000000000001776e-01
3.831949498309567548e-01
3.511994743134756458e-01
0.000000000000000000e+00
3.608454386647053647e-01
2.999999999993065991e-01
6.481719477493694814e-01
6.738297300395081901e-01
6.584030767995934230e-01
4.266310097624286257e-01
3.999999999986131316e-01
2.195097069511356136e-01
4.680053049849476898e-01
0.000000000000000000e+00
9.390211092201116161e-01
7.479579847047032048e-01
3.950029676915027821e-01
2.122729144349668196e-01
0.000000000000000000e+00
9.165787500559792189e-01
9.598757488158762285e-01
6.595212281795496123e-01
4.999999999979413134e-01
1.203700446247674805e+00
1.103543559734207369e+00
7.783979288956520692e-01
5.826214021529335652e-01
3.792886768014837595e-01
2.084817227275126694e-01
1.474727017893799619e-01
0.000000000000000000e+00
1.185576174206629307e+00
8.198033249314611304e-01
5.999999999983356425e-01
1.423225437984667607e+00
1.458083822130347817e+00
1.481644792571366720e+00
1.227921529866351502e+00
7.858535763428590171e-01
6.999999999987516208e-01
1.054635265188374360e+00
6.302268928231250511e-01
4.657006280669311882e-01
2.676565582026507184e-01
1.706317885164120862e-01
8.530700643117944404e-02
0.000000000000000000e+00
1.755904645632974770e+00
1.745855028247977447e+00
1.835539922447268824e+00
1.050568375203650984e+00
7.999999999991678212e-01
1.623636618526091091e+00
1.271537832849675143e+00
7.819237687427849082e-01
5.067899794545832615e-01
3.887871612112965281e-01
3.759822906161210954e-01
4.512740246132319610e-01
3.001280621899287127e-01
1.313785207958345358e-01
0.000000000000000000e+00
2.055889194942514653e+00
1.883963324721725341e+00
1.474104682694975965e+00
9.979617932521807067e-01
6.182818740518106759e-01
5.011625656994490585e-01
5.789381268576005990e-01
7.112209903875619244e-01
6.326825828693830589e-01
3.383098464566190455e-01
1.607046192970401077e-01
0.000000000000000000e+00
1.624060520013116404e+00
1.023684263327363508e+00
8.999999999995840216e-01
2.326686744143140473e+00
2.182672226956072770e+00
4.226084427201496352e-01
2.157098664761746054e+00
1.727522865576778255e+00
9.626627050170530886e-01
6.428856380098125767e-01
5.991028763870737128e-01
7.185337293705222894e-01
9.877325816149590265e-01
9.097873856845608564e-01
9.886065763582237986e-01
8.959667668073726388e-01
6.590741934523220991e-01
3.321964502900556782e-01
0.000000000000000000e+00
5.118888475204814714e-01
1.301316856601899108e+00
2.124333949047161330e+00
2.569497494763689271e+00
2.350225281128307309e+00
1.069832375162101945e+00
1.000000000000000000e+00
1.140335626672576153e+00
7.362586152938219719e-01
7.363431587043406390e-01
9.003580254634441227e-01
1.239395078685061380e+00
1.519329668244386644e+00
1.269457292320162356e+00
1.012878099275240862e+00
6.507523201480628350e-01
4.736158883081098558e-01
2.358038152969791079e-01
0.000000000000000000e+00
1.674288734030437098e+00
2.178793199889572207e+00
2.717313409908330701e+00
2.951056516290784693e+00
2.309016994365885811e+00
1.412214747699239492e+00
9.729167294089980933e-01
1.385667846257500946e+00
2.000000000009114043e+00
2.809016994381699384e+00
8.597452015163496997e-01
8.759617115274448418e-01
1.215416948929110674e+00
1.517805424183155338e+00
1.756053382296217880e+00
1.714915438990776586e+00
1.452484576748573453e+00
1.160659250476504312e+00
7.357933038295243477e-01
4.278366932165582615e-01
3.059193138482491081e-01
3.500365359800922671e-01
1.453755816219936825e-01
0.000000000000000000e+00
9.109031982783090120e-01
1.249707463036341615e+00
1.249498780756227001e+00
1.752967427843188597e+00
1.944309415163835819e+00
2.061383535943635437e+00
1.909972294782421143e+00
1.330711031012059342e+00
1.212808928141674070e+00
1.209132091781941032e+00
8.734953574158182965e-01
5.166998052870637181e-01
3.317319904983458967e-01
2.530383434632704209e-01
1.627229021980718393e-01
1.359628900979873711e-01
0.000000000000000000e+00
1.190983005632874736e+00
1.048943483699395607e+00
1.690983005607476164e+00
2.017241889051530013e+00
1.902456216107092368e+00
2.342945807819526216e+00
2.317143567035167440e+00
2.251970572131991588e+00
1.687860601625577939e+00
1.113156297558255625e+00
8.123984106629692503e-01
7.805035746769507510e-01
5.581634576325628094e-01
8.355176289728571959e-01
4.454550529202905840e-01
3.722171113778300899e-01
3.042314620153604987e-01
2.320149902790645535e-01
1.152891014859449420e-01
0.000000000000000000e+00
7.955670095413827636e-02
2.587785252279657833e+00
2.559262764963298409e+00
2.621069803274492127e+00
1.910152575136244257e+00
1.173999409346040856e+00
7.645444701147835476e-01
6.389617730696585118e-01
6.079022659867823197e-01
5.613976620438200227e-01
4.954758788228440514e-01
6.000000000015799362e-01
4.000000000010532908e-01
2.000000000005264233e-01
0.000000000000000000e+00
5.686575394596514732e-01
3.000000000000000000e+00
2.587785252301017636e+00
2.062980197388072146e+00
1.232109757525964300e+00
8.296447074319256432e-01
8.794254356947823759e-01
8.740214222062742122e-01
1.200000000002050093e+00
1.000000000002611245e+00
8.000000000021063595e-01
1.690983005632586078e+00
1.048943483706478386e+00
9.274337371114557138e-01
1.070592061903923753e+00
1.064166515665635471e+00
1.600000000000884270e+00
1.400000000001467182e+00
1.190983005623500901e+00
1.466718759409338713e+00
1.800000000000370637e+00
2.000000000000000000e+00
